        0.01001387        0.00000000
        0.02002774        0.00000000
        0.03004161        0.00000000
        0.04005548        0.00000000
        0.05006935        0.00000000
        0.06008321        0.00000000
        0.07009708        0.00000000
        0.08011095        0.00000000
        0.09012482        0.00000000
        0.10013869        0.00000000
        0.11015256        0.00000000
        0.12016643        0.00000000
        0.13018030        0.00000000
        0.14019417        0.00000000
        0.15020804        0.00000000
        0.16022191        0.00000000
        0.17023577        0.00000000
        0.18024964        0.00000000
        0.19026351        0.00000000
        0.20027738        0.00000000
        0.21029125        0.00000000
        0.22030512        0.00000000
        0.23031899        0.00000000
        0.24033286        0.00000000
        0.25034673        0.00000000
        0.26036060        0.00000000
        0.27037446        0.00000000
        0.28038833        0.00000000
        0.29040220        0.00000000
        0.30041607        0.00000000
        0.31042994        0.00000000
        0.32044381        0.00000000
        0.33045768        0.00000000
        0.34047155        0.00000000
        0.35048542        0.00000000
        0.36049929        0.00000000
        0.37051316        0.00000000
        0.38052702        0.00000000
        0.39054089        0.00000000
        0.40055476        0.00000000
        0.41056863        0.00000000
        0.42058250        0.00000000
        0.43059637        0.00000000
        0.44061024        0.00000000
        0.45062411        0.00000000
        0.46063798        0.00000000
        0.47065185        0.00000000
        0.48066572        0.00000000
        0.49067958        0.00000000
        0.50069345        0.00000000
        0.51070732        0.00000000
        0.52072119        0.00000000
        0.53073506        0.00000000
        0.54074893        0.00000000
        0.55076280        0.00000000
        0.56077667        0.00000000
        0.57079054        0.00000000
        0.58080441        0.00000000
        0.59081827        0.00000000
        0.60083214        0.00000000
        0.61084601        0.00000000
        0.62085988        0.00000000
        0.63087375        0.00000000
        0.64088762        0.00000000
        0.65090149        0.00000000
        0.66091536        0.00000000
        0.67092923        0.00000000
        0.68094310        0.00000000
        0.69095697        0.00000000
        0.70097083        0.00000000
        0.71098470        0.00000000
        0.72099857        0.00000000
        0.73101244        0.00000000
        0.74102631        0.00000000
        0.75104018        0.00000000
        0.76105405        0.00000000
        0.77106792        0.00000000
        0.78108179        0.00000000
        0.79109566        0.00000000
        0.80110953        0.00000000
        0.81112339        0.00000000
        0.82113726        0.00000000
        0.83115113        0.00000000
        0.84116500        0.00000000
        0.85117887        0.00000000
        0.86119274        0.00000000
        0.87120661        0.00000000
        0.88122048        0.00000000
        0.89123435        0.00000000
        0.90124822        0.00000000
        0.91126208        0.00000000
        0.92127595        0.00000000
        0.93128982        0.00000000
        0.94130369        0.00000000
        0.95131756        0.00000000
        0.96133143        0.00000000
        0.97134530        0.00000000
        0.98135917        0.00000000
        0.99137304        0.00000000
        1.00138691        0.00000000
        1.01140078        0.00000000
        1.02141464        0.00000000
        1.03142851        0.00000000
        1.04144238        0.00000000
        1.05145625        0.00000000
        1.06147012        0.00000000
        1.07148399        0.00000000
        1.08149786        0.00000000
        1.09151173        0.00000000
        1.10152560        0.00000000
        1.11153947        0.00000000
        1.12155334        0.00000000
        1.13156720        0.00000000
        1.14158107        0.00000000
        1.15159494        0.00000000
        1.16160881        0.00000000
        1.17162268        0.00000000
        1.18163655        0.00000000
        1.19165042        0.00000000
        1.20166429        0.00000000
        1.21167816        0.00000000
        1.22169203        0.00000000
        1.23170589        0.00000000
        1.24171976        0.00000000
        1.25173363        0.00000000
        1.26174750        0.00000000
        1.27176137        0.00000000
        1.28177524        0.00000000
        1.29178911        0.00000000
        1.30180298        0.00000000
        1.31181685        0.00000000
        1.32183072        0.00000000
        1.33184459        0.00000000
        1.34185845        0.00000000
        1.35187232        0.00000000
        1.36188619        0.00000000
        1.37190006        0.00000000
        1.38191393        0.00000000
        1.39192780        0.00000000
        1.40194167        0.00000000
        1.41195554        0.00000000
        1.42196941        0.00000000
        1.43198328        0.00000000
        1.44199715        0.00000000
        1.45201101        0.00000000
        1.46202488        0.00000000
        1.47203875        0.00000000
        1.48205262        0.00000000
        1.49206649        0.00000000
        1.50208036        0.00000000
        1.51209423        0.00000000
        1.52210810        0.00000000
        1.53212197        0.00000000
        1.54213584        0.00000000
        1.55214970        0.00000000
        1.56216357        0.00000000
        1.57217744        0.00000000
        1.58219131        0.00000000
        1.59220518        0.00000000
        1.60221905        0.00000000
        1.61223292        0.00000000
        1.62224679        0.00000000
        1.63226066        0.00000000
        1.64227453        0.00000000
        1.65228840        0.00000000
        1.66230226        0.00000000
        1.67231613        0.00000000
        1.68233000        0.00000000
        1.69234387        0.00000000
        1.70235774        0.00000000
        1.71237161        0.00000000
        1.72238548        0.00000000
        1.73239935        0.00000000
        1.74241322        0.00000000
        1.75242709        0.00000000
        1.76244096        0.00000000
        1.77245482        0.00000000
        1.78246869        0.00000000
        1.79248256        0.00000000
        1.80249643        0.00000000
        1.81251030        0.00000000
        1.82252417        0.00000000
        1.83253804        0.00000000
        1.84255191        0.00000000
        1.85256578        0.00000000
        1.86257965        0.00000000
        1.87259352        0.00000000
        1.88260738        0.00000000
        1.89262125        0.00000000
        1.90263512        0.00000000
        1.91264899        0.00000000
        1.92266286        0.00000000
        1.93267673        0.00000000
        1.94269060        0.00000000
        1.95270447        0.00000000
        1.96271834        0.00000000
        1.97273221        0.00000000
        1.98274607        0.00000000
        1.99275994        0.00000000
        2.00277381        0.00000000
        2.01278768        0.00000000
        2.02280155        0.00000000
        2.03281542        0.00000000
        2.04282929        0.00000000
        2.05284316        0.00000000
        2.06285703        0.00000000
        2.07287090        0.00000000
        2.08288477        0.00000000
        2.09289863        0.00000000
        2.10291250        0.00000000
        2.11292637        0.00000000
        2.12294024        0.00000000
        2.13295411        0.00000000
        2.14296798        0.00000000
        2.15298185        0.00000000
        2.16299572        0.00000000
        2.17300959        0.00000000
        2.18302346        0.00000000
        2.19303733        0.00000000
        2.20305119        0.00000000
        2.21306506        0.00000000
        2.22307893        0.00000000
        2.23309280        0.00000000
        2.24310667        0.00000000
        2.25312054        0.00000000
        2.26313441        0.00000000
        2.27314828        0.00000000
        2.28316215        0.00000000
        2.29317602        0.00000000
        2.30318988        0.00000000
        2.31320375        0.00000000
        2.32321762        0.00000000
        2.33323149        0.00000000
        2.34324536        0.00000000
        2.35325923        0.00000000
        2.36327310        0.00000000
        2.37328697        0.00000000
        2.38330084        0.00000000
        2.39331471        0.00000000
        2.40332858        0.00000000
        2.41334244        0.00000000
        2.42335631        0.00000000
        2.43337018        0.00000000
        2.44338405        0.00000000
        2.45339792        0.00000000
        2.46341179        0.00000000
        2.47342566        0.00000000
        2.48343953        0.00000000
        2.49345340        0.00000000
        2.50346727        0.00000000
        2.51348114        0.00000000
        2.52349500        0.00000000
        2.53350887        0.00000000
        2.54352274        0.00000000
        2.55353661        0.00000000
        2.56355048        0.00000000
        2.57356435        0.00000000
        2.58357822        0.00000000
        2.59359209        0.00000000
        2.60360596        0.00000000
        2.61361983        0.00000000
        2.62363369        0.00000000
        2.63364756        0.00000000
        2.64366143        0.00000000
        2.65367530        0.00000000
        2.66368917        0.00000000
        2.67370304        0.00000000
        2.68371691        0.00000000
        2.69373078        0.00000000
        2.70374465        0.00000000
        2.71375852        0.00000000
        2.72377239        0.00000000
        2.73378625        0.00000000
        2.74380012        0.00000000
        2.75381399        0.00000000
        2.76382786        0.00000000
        2.77384173        0.00000000
        2.78385560        0.00000000
        2.79386947        0.00000000
        2.80388334        0.00000000
        2.81389721        0.00000000
        2.82391108        0.00000000
        2.83392495        0.00000000
        2.84393881        0.00000000
        2.85395268        0.00000000
        2.86396655        0.00000000
        2.87398042        0.00000000
        2.88399429        0.00000000
        2.89400816        0.00000000
        2.90402203        0.00000000
        2.91403590        0.00000000
        2.92404977        0.00000000
        2.93406364        0.00000000
        2.94407750        0.00000000
        2.95409137        0.00000000
        2.96410524        0.00000000
        2.97411911        0.00000000
        2.98413298        0.00000000
        2.99414685        0.00000000
        3.00416072        0.00000000
        3.01417459        0.00000000
        3.02418846        0.00000000
        3.03420233        0.00000000
        3.04421620        0.00000000
        3.05423006        0.00000000
        3.06424393        0.00000000
        3.07425780        0.00000000
        3.08427167        0.00000000
        3.09428554        0.00000000
        3.10429941        0.00000000
        3.11431328        0.00000000
        3.12432715        0.00000000
        3.13434102        0.00000000
        3.14435489        0.00000000
        3.15436876        0.00000000
        3.16438262        0.00000000
        3.17439649        0.00000000
        3.18441036        0.00000000
        3.19442423        0.00000000
        3.20443810        0.00000000
        3.21445197        0.00000000
        3.22446584        0.00000000
        3.23447971        0.00000000
        3.24449358        0.00000000
        3.25450745        0.00000000
        3.26452132        0.00000000
        3.27453518        0.00000000
        3.28454905        0.00000000
        3.29456292        0.00000000
        3.30457679        0.00000000
        3.31459066        0.00000000
        3.32460453        0.00000000
        3.33461840        0.00000000
        3.34463227        0.00000000
        3.35464614        0.00000000
        3.36466001        0.00000000
        3.37467387        0.00000000
        3.38468774        0.00000000
        3.39470161        0.00000000
        3.40471548        0.00000000
        3.41472935        0.00000000
        3.42474322        0.00000000
        3.43475709        0.00000000
        3.44477096        0.00000000
        3.45478483        0.00000000
        3.46479870        0.00000000
        3.47481257        0.00000000
        3.48482643        0.00000000
        3.49484030        0.00000000
        3.50485417        0.00000000
        3.51486804        0.00000000
        3.52488191        0.00000000
        3.53489578        0.00000000
        3.54490965        0.00000000
        3.55492352        0.00000000
        3.56493739        0.00000000
        3.57495126        0.00000000
        3.58496513        0.00000000
        3.59497899        0.00000000
        3.60499286        0.00000000
        3.61500673        0.00000000
        3.62502060        0.00000000
        3.63503447        0.00000000
        3.64504834        0.00000000
        3.65506221        0.00000000
        3.66507608        0.00000000
        3.67508995        0.00000000
        3.68510382        0.00000000
        3.69511768        0.00000000
        3.70513155        0.00000000
        3.71514542        0.00000000
        3.72515929        0.00000000
        3.73517316        0.00000000
        3.74518703        0.00000000
        3.75520090        0.00000000
        3.76521477        0.00000000
        3.77522864        0.00000000
        3.78524251        0.00000000
        3.79525638        0.00000000
        3.80527024        0.00000000
        3.81528411        0.00000000
        3.82529798        0.00000000
        3.83531185        0.00000000
        3.84532572        0.00000000
        3.85533959        0.00000000
        3.86535346        0.00000000
        3.87536733        0.00000000
        3.88538120        0.00000000
        3.89539507        0.00000000
        3.90540894        0.00000000
        3.91542280        0.00000000
        3.92543667        0.00000000
        3.93545054        0.00000000
        3.94546441        0.00000000
        3.95547828        0.00000000
        3.96549215        0.00000000
        3.97550602        0.00000000
        3.98551989        0.00000000
        3.99553376        0.00000000
        4.00554763        0.00000000
        4.01556149        0.00000000
        4.02557536        0.00000000
        4.03558923        0.00000000
        4.04560310        0.00000000
        4.05561697        0.00000000
        4.06563084        0.00000000
        4.07564471        0.00000000
        4.08565858        0.00000000
        4.09567245        0.00000000
        4.10568632        0.00000000
        4.11570019        0.00000000
        4.12571405        0.00000000
        4.13572792        0.00000000
        4.14574179        0.00000000
        4.15575566        0.00000000
        4.16576953        0.00000000
        4.17578340        0.00000000
        4.18579727        0.00000000
        4.19581114        0.00000000
        4.20582501        0.00000000
        4.21583888        0.00000000
        4.22585275        0.00000000
        4.23586661        0.00000000
        4.24588048        0.00000000
        4.25589435        0.00000000
        4.26590822        0.00000000
        4.27592209        0.00000000
        4.28593596        0.00000000
        4.29594983        0.00000000
        4.30596370        0.00000000
        4.31597757        0.00000000
        4.32599144        0.00000000
        4.33600530        0.00000000
        4.34601917        0.00000000
        4.35603304        0.00000000
        4.36604691        0.00000000
        4.37606078        0.00000000
        4.38607465        0.00000000
        4.39608852        0.00000000
        4.40610239        0.00000000
        4.41611626        0.00000000
        4.42613013        0.00000000
        4.43614400        0.00000000
        4.44615786        0.00000000
        4.45617173        0.00000000
        4.46618560        0.00000000
        4.47619947        0.00000000
        4.48621334        0.00000000
        4.49622721        0.00000000
        4.50624108        0.00000000
        4.51625495        0.00000000
        4.52626882        0.00000000
        4.53628269        0.00000000
        4.54629656        0.00000000
        4.55631042        0.00000000
        4.56632429        0.00000000
        4.57633816        0.00000000
        4.58635203        0.00000000
        4.59636590        0.00000000
        4.60637977        0.00000000
        4.61639364        0.00000000
        4.62640751        0.00000000
        4.63642138        0.00000000
        4.64643525        0.00000000
        4.65644911        0.00000000
        4.66646298        0.00000000
        4.67647685        0.00000000
        4.68649072        0.00000000
        4.69650459        0.00000000
        4.70651846        0.00000000
        4.71653233        0.00000000
        4.72654620        0.00000000
        4.73656007        0.00000000
        4.74657394        0.00000000
        4.75658781        0.00000000
        4.76660167        0.00000000
        4.77661554        0.00000000
        4.78662941        0.00000000
        4.79664328        0.00000000
        4.80665715        0.00000000
        4.81667102        0.00000000
        4.82668489        0.00000000
        4.83669876        0.00000000
        4.84671263        0.00000000
        4.85672650        0.00000000
        4.86674037        0.00000000
        4.87675423        0.00000000
        4.88676810        0.00000000
        4.89678197        0.00000000
        4.90679584        0.00000000
        4.91680971        0.00000000
        4.92682358        0.00000000
        4.93683745        0.28004763
        4.94685132        4.04426719
        4.95686519        5.69467835
        4.96687906        7.74676558
        4.97689293        8.81785467
        4.98690679       15.64378743
        4.99692066       34.16918794
        5.00693453       52.27414712
        5.01694840       45.69305433
        5.02696227       19.44691867
        5.03697614       13.04762614
        5.04699001        6.02902634
        5.05700388        2.13517250
        5.06701775        2.25966276
        5.07703162        0.52959004
        5.08704548        0.00000000
        5.09705935        0.00000000
        5.10707322        0.00000000
        5.11708709        0.00000000
        5.12710096        0.00000000
        5.13711483        0.00000000
        5.14712870        0.00000000
        5.15714257        0.00000000
        5.16715644        0.00000000
        5.17717031        0.00000000
        5.18718418        0.00000000
        5.19719804        0.00000000
        5.20721191        0.00000000
        5.21722578        0.00000000
        5.22723965        0.00000000
        5.23725352        0.00000000
        5.24726739        0.00000000
        5.25728126        0.00000000
        5.26729513        0.00000000
        5.27730900        0.00000000
        5.28732287        0.00000000
        5.29733674        0.00000000
        5.30735060        0.00000000
        5.31736447        0.00000000
        5.32737834        0.00000000
        5.33739221        0.00000000
        5.34740608        0.00000000
        5.35741995        0.00000000
        5.36743382        0.00000000
        5.37744769        0.00000000
        5.38746156        0.00000000
        5.39747543        0.00000000
        5.40748929        0.00000000
        5.41750316        0.00000000
        5.42751703        0.00000000
        5.43753090        0.00000000
        5.44754477        0.00000000
        5.45755864        0.00000000
        5.46757251        0.00000000
        5.47758638        0.00000000
        5.48760025        0.00000000
        5.49761412        0.00000000
        5.50762799        0.00000000
        5.51764185        0.00000000
        5.52765572        0.00000000
        5.53766959        0.00000000
        5.54768346        0.00000000
        5.55769733        0.00000000
        5.56771120        0.00000000
        5.57772507        0.00000000
        5.58773894        0.00000000
        5.59775281        0.00000000
        5.60776668        0.00000000
        5.61778055        0.00000000
        5.62779441        0.00000000
        5.63780828        0.00000000
        5.64782215        0.00000000
        5.65783602        0.00000000
        5.66784989        0.00000000
        5.67786376        0.00000000
        5.68787763        0.00000000
        5.69789150        0.00000000
        5.70790537        0.62848842
        5.71791924        2.08762995
        5.72793310        0.93615162
        5.73794697        0.93288692
        5.74796084        4.54490314
        5.75797471        8.74941420
        5.76798858       19.28451063
        5.77800245       24.43104338
